[gd_scene load_steps=14 format=3 uid="uid://bf5yqct5ldf0o"]

[ext_resource type="Texture2D" uid="uid://o4kcvijyr5o6" path="res://assets/textures/red_grid.png" id="1"]
[ext_resource type="Texture2D" uid="uid://u1fi2hi1q5th" path="res://assets/textures/dark_grid.png" id="2"]
[ext_resource type="Texture2D" uid="uid://bbaxe7v6a4os6" path="res://assets/icons/purple_grid.png" id="3"]
[ext_resource type="PackedScene" uid="uid://djwqvaxkmnye3" path="res://actors/player/player.tscn" id="4"]
[ext_resource type="Script" path="res://maps/map.gd" id="5"]
[ext_resource type="PackedScene" uid="uid://bxia7mm044whd" path="res://maps/utility/exit.tscn" id="6"]
[ext_resource type="Texture2D" uid="uid://d0725rwb7trh8" path="res://assets/textures/panorama.png" id="7_4pom1"]

[sub_resource type="StandardMaterial3D" id="1"]
albedo_texture = ExtResource( "2" )
uv1_scale = Vector3(0.5, 0.5, 0.5)
uv1_triplanar = true

[sub_resource type="StandardMaterial3D" id="2"]
albedo_texture = ExtResource( "3" )
uv1_scale = Vector3(0.5, 0.5, 0.5)
uv1_triplanar = true

[sub_resource type="StandardMaterial3D" id="3"]
albedo_texture = ExtResource( "1" )
uv1_scale = Vector3(0.5, 0.5, 0.5)
uv1_triplanar = true

[sub_resource type="PanoramaSkyMaterial" id="PanoramaSkyMaterial_t4w07"]
panorama = ExtResource( "7_4pom1" )

[sub_resource type="Sky" id="Sky_qnj4o"]
sky_material = SubResource( "PanoramaSkyMaterial_t4w07" )

[sub_resource type="Environment" id="Environment_giffq"]
background_mode = 2
sky = SubResource( "Sky_qnj4o" )
auto_exposure_enabled = true
fog_enabled = true
fog_light_energy = 5.0
fog_density = 0.0001
volumetric_fog_enabled = true
volumetric_fog_density = 0.025

[node name="Map" type="Node3D"]
script = ExtResource( "5" )

[node name="Player" parent="." instance=ExtResource( "4" )]
transform = Transform3D(1, 0, 0, 0, 1, 0, 0, 0, 1, 0, 1, 12)

[node name="CSGCombiner" type="CSGCombiner3D" parent="."]
use_collision = true
collision_mask = 0

[node name="Ground" type="CSGBox3D" parent="CSGCombiner"]
transform = Transform3D(1, 0, 0, 0, 1, 0, 0, 0, 1, 0, 0.5, 0)
size = Vector3(100, 1, 100)
material = SubResource( "1" )

[node name="Box" type="CSGBox3D" parent="CSGCombiner"]
transform = Transform3D(1, 0, 0, 0, 1, 0, 0, 0, 1, -9, 1.5, 6)
material = SubResource( "2" )

[node name="Slope" type="CSGPolygon3D" parent="CSGCombiner"]
transform = Transform3D(1, 0, 0, 0, 1, 0, 0, 0, 1, 4, 0, -2.5)
polygon = PackedVector2Array(0, 0, 0, 5, 8, 0, 1, 0)
depth = 3.0
material = SubResource( "3" )

[node name="Box2" type="CSGBox3D" parent="CSGCombiner"]
transform = Transform3D(1, 0, 0, 0, 1, 0, 0, 0, 1, 5.5, 1.5, 26)
material = SubResource( "2" )

[node name="Box3" type="CSGBox3D" parent="CSGCombiner"]
transform = Transform3D(1, 0, 0, 0, 1, 0, 0, 0, 1, 10.5, 1.5, -24)
material = SubResource( "2" )

[node name="Box4" type="CSGBox3D" parent="CSGCombiner"]
transform = Transform3D(0.707107, 0, -0.707107, 0, 1, 0, 0.707107, 0, 0.707107, -36.1798, 1.5, -12.8588)
material = SubResource( "2" )

[node name="Box5" type="CSGBox3D" parent="CSGCombiner"]
transform = Transform3D(0.707107, 0, -0.707107, 0, 1, 0, 0.707107, 0, 0.707107, -40.0689, 1.5, 11.5364)
material = SubResource( "2" )

[node name="Box6" type="CSGBox3D" parent="CSGCombiner"]
transform = Transform3D(0.707107, 0, -0.707107, 0, 1, 0, 0.707107, 0, 0.707107, -1.17804, 1.5, -20.2834)
material = SubResource( "2" )

[node name="Box7" type="CSGBox3D" parent="CSGCombiner"]
transform = Transform3D(0.5, 0, 0.866025, 0, 1, 0, -0.866025, 0, 0.5, 22.7051, 1.5, 18.9437)
material = SubResource( "2" )

[node name="Box8" type="CSGBox3D" parent="CSGCombiner"]
transform = Transform3D(0.5, 0, 0.866025, 0, 1, 0, -0.866025, 0, 0.5, 39.2756, 1.5, -11.1136)
material = SubResource( "2" )

[node name="Box9" type="CSGBox3D" parent="CSGCombiner"]
transform = Transform3D(0.5, 0, 0.866025, 0, 1, 0, -0.866025, 0, 0.5, 22.4744, 1.5, -40.4437)
material = SubResource( "2" )

[node name="Slope2" type="CSGPolygon3D" parent="CSGCombiner"]
transform = Transform3D(-1, 0, -8.74228e-08, 0, 1, 0, 8.74228e-08, 0, -1, 4, 0, -5.5)
polygon = PackedVector2Array(0, 0, 0, 5, 8, 0, 1, 0)
depth = 3.0
material = SubResource( "3" )

[node name="Slope3" type="CSGPolygon3D" parent="CSGCombiner"]
transform = Transform3D(1, 0, 0, 0, 1, 0, 0, 0, 1, 4, 0, 38)
polygon = PackedVector2Array(0, 0, 0, 5, 8, 0, 1, 0)
depth = 3.0
material = SubResource( "3" )

[node name="Exit" parent="." instance=ExtResource( "6" )]

[node name="WorldEnvironment" type="WorldEnvironment" parent="."]
environment = SubResource( "Environment_giffq" )
