[gd_scene load_steps=15 format=3 uid="uid://0mid3vde5dnu"]

[ext_resource type="Texture2D" uid="uid://o4kcvijyr5o6" path="res://assets/textures/red_grid.png" id="1"]
[ext_resource type="Texture2D" uid="uid://u1fi2hi1q5th" path="res://assets/textures/dark_grid.png" id="2"]
[ext_resource type="Texture2D" uid="uid://bbaxe7v6a4os6" path="res://assets/icons/purple_grid.png" id="3"]
[ext_resource type="PackedScene" uid="uid://djwqvaxkmnye3" path="res://actors/player/player.tscn" id="4"]
[ext_resource type="Script" path="res://maps/map.gd" id="5"]
[ext_resource type="PackedScene" uid="uid://bqb4l47cb04he" path="res://actors/ennemies/test/ennemy_test.tscn" id="8_jhawc"]
[ext_resource type="PackedScene" uid="uid://cc5wxcolrcygx" path="res://maps/utilities/InGameSettings.tscn" id="8_k34s8"]
[ext_resource type="AudioStream" uid="uid://cr2k7q7ymcte4" path="res://assets/music/Open.mp3" id="8_un6cj"]

[sub_resource type="ProceduralSkyMaterial" id="ProceduralSkyMaterial_ls8ci"]
sky_top_color = Color(0.266667, 0.52549, 0.886275, 1)
sky_horizon_color = Color(0.630392, 0.681373, 0.755882, 1)
ground_bottom_color = Color(0.254902, 0.2, 0.137255, 1)
ground_horizon_color = Color(0.630392, 0.681373, 0.755882, 1)

[sub_resource type="Sky" id="Sky_qawl2"]
sky_material = SubResource( "ProceduralSkyMaterial_ls8ci" )

[sub_resource type="Environment" id="Environment_svl7j"]
background_mode = 2
sky = SubResource( "Sky_qawl2" )
tonemap_mode = 2
glow_enabled = true

[sub_resource type="StandardMaterial3D" id="1"]
albedo_texture = ExtResource( "2" )
uv1_scale = Vector3(0.5, 0.5, 0.5)
uv1_triplanar = true

[sub_resource type="StandardMaterial3D" id="2"]
albedo_texture = ExtResource( "3" )
uv1_scale = Vector3(0.5, 0.5, 0.5)
uv1_triplanar = true

[sub_resource type="StandardMaterial3D" id="3"]
albedo_texture = ExtResource( "1" )
uv1_scale = Vector3(0.5, 0.5, 0.5)
uv1_triplanar = true

[node name="Map" type="Node3D"]
script = ExtResource( "5" )

[node name="WorldEnvironment" type="WorldEnvironment" parent="."]
environment = SubResource( "Environment_svl7j" )

[node name="DirectionalLight3D" type="DirectionalLight3D" parent="."]
transform = Transform3D(-0.327218, -0.548735, 0.769298, 0, 0.814116, 0.580703, -0.944949, 0.190016, -0.266393, 6.42362, 24.2434, -41.2933)
light_color = Color(0.968627, 0.815686, 0.815686, 1)
shadow_enabled = true
directional_shadow_max_distance = 250.0

[node name="Player" parent="." instance=ExtResource( "4" )]
transform = Transform3D(1, 0, 0, 0, 1, 0, 0, 0, 1, 0, 1, 12)

[node name="CSGCombiner" type="CSGCombiner3D" parent="."]
use_collision = true
collision_mask = 4

[node name="Ground" type="CSGBox3D" parent="CSGCombiner"]
transform = Transform3D(1, 0, 0, 0, 1, 0, 0, 0, 1, 0, 0.5, 0)
size = Vector3(100, 1, 100)
material = SubResource( "1" )

[node name="Box" type="CSGBox3D" parent="CSGCombiner"]
transform = Transform3D(1, 0, 0, 0, 1, 0, 0, 0, 1, -9, 2, 6)
size = Vector3(2, 2, 2)
material = SubResource( "2" )

[node name="Slope" type="CSGPolygon3D" parent="CSGCombiner"]
transform = Transform3D(1, 0, 0, 0, 1, 0, 0, 0, 1, 4, 1, -2.5)
polygon = PackedVector2Array(0, 0, 0, 5, 8, 0, 1, 0)
depth = 3.0
material = SubResource( "3" )

[node name="Box2" type="CSGBox3D" parent="CSGCombiner"]
transform = Transform3D(1, 0, 0, 0, 1, 0, 0, 0, 1, 5.5, 2, 26)
size = Vector3(2, 2, 2)
material = SubResource( "2" )

[node name="Box3" type="CSGBox3D" parent="CSGCombiner"]
transform = Transform3D(1, 0, 0, 0, 1, 0, 0, 0, 1, 10.5, 2, -24)
size = Vector3(2, 2, 2)
material = SubResource( "2" )

[node name="Box4" type="CSGBox3D" parent="CSGCombiner"]
transform = Transform3D(0.707107, 0, -0.707107, 0, 1, 0, 0.707107, 0, 0.707107, -36.1798, 2, -12.8588)
size = Vector3(2, 2, 2)
material = SubResource( "2" )

[node name="Box5" type="CSGBox3D" parent="CSGCombiner"]
transform = Transform3D(0.707107, 0, -0.707107, 0, 1, 0, 0.707107, 0, 0.707107, -40.0689, 2, 11.5364)
size = Vector3(2, 2, 2)
material = SubResource( "2" )

[node name="Box6" type="CSGBox3D" parent="CSGCombiner"]
transform = Transform3D(0.707107, 0, -0.707107, 0, 1, 0, 0.707107, 0, 0.707107, -1.17804, 2, -20.2834)
size = Vector3(2, 2, 2)
material = SubResource( "2" )

[node name="Box7" type="CSGBox3D" parent="CSGCombiner"]
transform = Transform3D(0.5, 0, 0.866025, 0, 1, 0, -0.866025, 0, 0.5, 22.7051, 2, 18.9437)
size = Vector3(2, 2, 2)
material = SubResource( "2" )

[node name="Box8" type="CSGBox3D" parent="CSGCombiner"]
transform = Transform3D(0.5, 0, 0.866025, 0, 1, 0, -0.866025, 0, 0.5, 39.2756, 2, -11.1136)
size = Vector3(2, 2, 2)
material = SubResource( "2" )

[node name="Box9" type="CSGBox3D" parent="CSGCombiner"]
transform = Transform3D(0.5, 0, 0.866025, 0, 1, 0, -0.866025, 0, 0.5, 22.4744, 2, -40.4437)
size = Vector3(2, 2, 2)
material = SubResource( "2" )

[node name="Slope2" type="CSGPolygon3D" parent="CSGCombiner"]
transform = Transform3D(-1, 0, -8.74228e-08, 0, 1, 0, 8.74228e-08, 0, -1, 4, 1, -5.5)
polygon = PackedVector2Array(0, 0, 0, 5, 8, 0, 1, 0)
depth = 3.0
material = SubResource( "3" )

[node name="Slope3" type="CSGPolygon3D" parent="CSGCombiner"]
transform = Transform3D(1, 0, 0, 0, 1, 0, 0, 0, 1, 4, 1, 38)
polygon = PackedVector2Array(0, 0, 0, 5, 8, 0, 1, 0)
depth = 3.0
material = SubResource( "3" )

[node name="AudioStreamPlayer" type="AudioStreamPlayer" parent="."]
stream = ExtResource( "8_un6cj" )
pitch_scale = 0.5
autoplay = true

[node name="InGameSettings" parent="." instance=ExtResource( "8_k34s8" )]
visible = false

[node name="HSlider" parent="InGameSettings/Panel/TabContainer/Generals" index="1"]
min_value = 1.0
value = 50.0

[node name="Ennemies" type="Node3D" parent="."]

[node name="Ennemy 1" parent="Ennemies" instance=ExtResource( "8_jhawc" )]
transform = Transform3D(1, 0, 0, 0, 1, 0, 0, 0, 1, -13.9302, 2.00193, 5.72765)

[node name="Ennemy 2" parent="Ennemies" instance=ExtResource( "8_jhawc" )]
transform = Transform3D(1, 0, 0, 0, 1, 0, 0, 0, 1, -20, 2, 10.7276)

[node name="Ennemy 3" parent="Ennemies" instance=ExtResource( "8_jhawc" )]
transform = Transform3D(1, 0, 0, 0, 1, 0, 0, 0, 1, -22.1852, 2.00193, 22.0023)

[node name="Ennemy 4" parent="Ennemies" instance=ExtResource( "8_jhawc" )]
transform = Transform3D(1, 0, 0, 0, 1, 0, 0, 0, 1, -28.255, 2, 27.0023)

[node name="Ennemy 5" parent="Ennemies" instance=ExtResource( "8_jhawc" )]
transform = Transform3D(1, 0, 0, 0, 1, 0, 0, 0, 1, 28.5539, 2.00193, -8.87131)

[node name="Ennemy 6" parent="Ennemies" instance=ExtResource( "8_jhawc" )]
transform = Transform3D(1, 0, 0, 0, 1, 0, 0, 0, 1, 22.4841, 2, -3.87131)

[node name="Ennemy 7" parent="Ennemies" instance=ExtResource( "8_jhawc" )]
transform = Transform3D(1, 0, 0, 0, 1, 0, 0, 0, 1, 20.299, 2.00193, 7.40334)

[node name="Ennemy 8" parent="Ennemies" instance=ExtResource( "8_jhawc" )]
transform = Transform3D(1, 0, 0, 0, 1, 0, 0, 0, 1, 14.2292, 2, 12.4033)

[node name="Ennemy 9" parent="Ennemies" instance=ExtResource( "8_jhawc" )]
transform = Transform3D(-0.992688, 0, 0.120709, 0, 1, 0, -0.120709, 0, -0.992688, 12.1287, 2.00193, -15.4712)

[node name="Ennemy 10" parent="Ennemies" instance=ExtResource( "8_jhawc" )]
transform = Transform3D(-0.992688, 0, 0.120709, 0, 1, 0, -0.120709, 0, -0.992688, 18.7577, 2, -19.7019)

[node name="Ennemy 11" parent="Ennemies" instance=ExtResource( "8_jhawc" )]
transform = Transform3D(-0.992688, 0, 0.120709, 0, 1, 0, -0.120709, 0, -0.992688, 22.2878, 2.00193, -30.6304)

[node name="Ennemy 12" parent="Ennemies" instance=ExtResource( "8_jhawc" )]
transform = Transform3D(-0.992688, 0, 0.120709, 0, 1, 0, -0.120709, 0, -0.992688, 28.9168, 2, -34.8611)

[node name="Ennemy 13" parent="Ennemies" instance=ExtResource( "8_jhawc" )]
transform = Transform3D(-0.992688, 0, 0.120709, 0, 1, 0, -0.120709, 0, -0.992688, -31.807, 2.00193, -6.10718)

[node name="Ennemy 14" parent="Ennemies" instance=ExtResource( "8_jhawc" )]
transform = Transform3D(-0.992688, 0, 0.120709, 0, 1, 0, -0.120709, 0, -0.992688, -25.178, 2, -10.3379)

[node name="Ennemy 15" parent="Ennemies" instance=ExtResource( "8_jhawc" )]
transform = Transform3D(-0.992688, 0, 0.120709, 0, 1, 0, -0.120709, 0, -0.992688, -21.6479, 2.00193, -21.2664)

[node name="Ennemy 16" parent="Ennemies" instance=ExtResource( "8_jhawc" )]
transform = Transform3D(-0.992688, 0, 0.120709, 0, 1, 0, -0.120709, 0, -0.992688, -15.0189, 2, -25.4971)

[connection signal="cast_spell" from="Player" to="." method="_on_player_cast_spell"]
[connection signal="pressed" from="InGameSettings/Panel/LeaveMenu" to="." method="_on_leave_menu_pressed"]
[connection signal="value_changed" from="InGameSettings/Panel/TabContainer/Generals/HSlider" to="." method="_on_h_slider_value_changed"]

[editable path="InGameSettings"]
